00,999999999,09122011,08122011,Movimentacao diaria - Cartoes de Debito,Redecard,ESTABELECIMENTO           ,000291,DIARIO         ,V1.04 - 07/10 - EEVD
011,099999999,033825006,01022013,000000000008900,D,28,AL.POS/PINPAD/TX CON        ,0000000000000000,00000000,000000000,               ,00000000,121220,099999999,00000000,000000000000000,N,04022013,000000000000000,000000000000000,000000000000,      ,0,99932072394,000000000000000,000000000000000,1,3
01,999999999,09122011,08122011,342017113,000021,000000000068855,000000000001447,000000000067408,D,341,000781,00000412150,1
05,999999999,342017113,08122011,000000000000894,000000000000019,000000000000875,589916******1130   ,V,000750769344,09122011,01,121508,PV039760,3 ,00000,000000000000894,000000000000000,1
05,999999999,342017113,08122011,000000000004500,000000000000095,000000000004405,589916******9358   ,V,000751143931,09122011,01,134517,PV039760,3 ,00000,000000000004500,000000000000000,1
05,999999999,342017113,08122011,000000000003982,000000000000084,000000000003898,603689*********9461,V,000751454334,09122011,01,151702,PV039760,3 ,00000,000000000003982,000000000000000,1
05,999999999,342017113,08122011,000000000002290,000000000000048,000000000002242,603689*********6547,V,000751519122,09122011,01,154039,PV039760,3 ,00000,000000000002290,000000000000000,1
05,999999999,342017113,08122011,000000000001797,000000000000038,000000000001759,542820******2134   ,V,000751700905,09122011,01,164722,PV039760,3 ,00000,000000000001797,000000000000000,1
05,999999999,342017113,08122011,000000000003053,000000000000064,000000000002989,525662******3494   ,V,000751735957,09122011,01,165942,PV039760,3 ,00000,000000000003053,000000000000000,1
05,999999999,342017113,08122011,000000000002490,000000000000052,000000000002438,521180******5689   ,V,000999039639,09122011,01,200110,PV039760,3 ,00000,000000000002490,000000000000000,1
05,999999999,342017113,08122011,000000000002245,000000000000047,000000000002198,603689*********8728,V,000999322357,09122011,01,162442,PV039760,3 ,00000,000000000002245,000000000000000,1
05,999999999,342017113,08122011,000000000003252,000000000000068,000000000003184,589916******5012   ,V,000999343502,09122011,01,160836,PV039760,3 ,00000,000000000003252,000000000000000,1
05,999999999,342017113,08122011,000000000003432,000000000000072,000000000003360,525664******4163   ,V,000999449469,09122011,01,144105,PV039760,3 ,00000,000000000003432,000000000000000,1
05,999999999,342017113,08122011,000000000001298,000000000000027,000000000001271,603689*********4143,V,000999516286,09122011,01,135215,PV039760,3 ,00000,000000000001298,000000000000000,1
05,999999999,342017113,08122011,000000000005500,000000000000116,000000000005384,546451******7898   ,V,000999522208,09122011,01,134824,PV039760,3 ,00000,000000000005500,000000000000000,1
05,999999999,342017113,08122011,000000000001690,000000000000035,000000000001655,589916******2406   ,V,000999618117,09122011,01,125140,PV039760,3 ,00000,000000000001690,000000000000000,1
05,999999999,342017113,08122011,000000000001690,000000000000035,000000000001655,502121******2899   ,V,000999675797,09122011,01,122112,PV039760,3 ,00000,000000000001690,000000000000000,1
05,999999999,342017113,08122011,000000000002790,000000000000059,000000000002731,525662******6836   ,V,000999725528,09122011,01,115005,PV039760,3 ,00000,000000000002790,000000000000000,1
05,999999999,342017113,08122011,000000000002290,000000000000048,000000000002242,589916******4081   ,V,000999746707,09122011,01,113523,PV039760,3 ,00000,000000000002290,000000000000000,1
05,999999999,342017113,08122011,000000000004037,000000000000085,000000000003952,542820******0581   ,V,000999784659,09122011,01,110625,PV039760,3 ,00000,000000000004037,000000000000000,1
05,999999999,342017113,08122011,000000000002380,000000000000050,000000000002330,525482******6125   ,V,000999804589,09122011,01,105036,PV039760,3 ,00000,000000000002380,000000000000000,1
05,999999999,342017113,08122011,000000000015520,000000000000326,000000000015194,525664******2271   ,V,000999810007,09122011,01,104612,PV039760,3 ,00000,000000000015520,000000000000000,1
05,999999999,342017113,08122011,000000000001935,000000000000041,000000000001894,546479******4237   ,V,000999811911,09122011,01,104439,PV039760,3 ,00000,000000000001935,000000000000000,1
05,999999999,342017113,08122011,000000000001790,000000000000038,000000000001752,544540******0117   ,V,000999872038,09122011,01,095041,PV039760,3 ,00000,000000000001790,000000000000000,1
02,999999999,001,000021,000000000068855,000000000001447,000000000067408,000000000000000,000000000000000,000000000000000
01,999999999,09122011,08122011,342017114,000013,000000000046277,000000000000970,000000000045307,D,341,000781,00000412150,1
05,999999999,342017114,08122011,000000000002295,000000000000048,000000000002247,589916******2406   ,V,000750667592,09122011,01,114414,PV033293,3 ,00000,000000000002295,000000000000000,1
05,999999999,342017114,08122011,000000000003259,000000000000068,000000000003191,603689*********0762,V,000751224506,09122011,01,140522,PV033293,3 ,00000,000000000003259,000000000000000,1
05,999999999,342017114,08122011,000000000002689,000000000000056,000000000002633,603689*********7736,V,000751408000,09122011,01,150106,PV033293,3 ,00000,000000000002689,000000000000000,1
05,999999999,342017114,08122011,000000000000748,000000000000016,000000000000732,589916******1596   ,V,000999244305,09122011,01,172732,PV033293,3 ,00000,000000000000748,000000000000000,1
05,999999999,342017114,08122011,000000000001990,000000000000042,000000000001948,589916******1596   ,V,000999302847,09122011,01,164031,PV033293,3 ,00000,000000000001990,000000000000000,1
05,999999999,342017114,08122011,000000000001690,000000000000035,000000000001655,589916******4403   ,V,000999388205,09122011,01,153245,PV033293,3 ,00000,000000000001690,000000000000000,1
05,999999999,342017114,08122011,000000000005342,000000000000112,000000000005230,603689*********7292,V,000999444716,09122011,01,144454,PV033293,3 ,00000,000000000005342,000000000000000,1
05,999999999,342017114,08122011,000000000003592,000000000000075,000000000003517,528084******1113   ,V,000999453880,09122011,01,143732,PV033293,3 ,00000,000000000003592,000000000000000,1
05,999999999,342017114,08122011,000000000003737,000000000000078,000000000003659,603689*********9499,V,000999489993,09122011,01,140957,PV033293,3 ,00000,000000000003737,000000000000000,1
05,999999999,342017114,08122011,000000000004180,000000000000088,000000000004092,502121******0874   ,V,000999693766,09122011,01,121036,PV033293,3 ,00000,000000000004180,000000000000000,1
05,999999999,342017114,08122011,000000000006890,000000000000145,000000000006745,525482******1115   ,V,000999701809,09122011,01,120530,PV033293,3 ,00000,000000000006890,000000000000000,1
05,999999999,342017114,08122011,000000000002900,000000000000061,000000000002839,525663******4466   ,V,000999777517,09122011,01,111207,PV033293,3 ,00000,000000000002900,000000000000000,1
05,999999999,342017114,08122011,000000000006965,000000000000146,000000000006819,603689*********8915,V,000999845321,09122011,01,101543,PV033293,3 ,00000,000000000006965,000000000000000,1
02,999999999,001,000013,000000000046277,000000000000970,000000000045307,000000000000000,000000000000000,000000000000000
01,999999999,09122011,08122011,342017115,000008,000000000056687,000000000001191,000000000055496,D,341,000781,00000412150,1
05,999999999,342017115,08122011,000000000001797,000000000000038,000000000001759,603689*********5879,V,000750492046,09122011,01,104231,HQ000166,2 ,00000,000000000001797,000000000000000,1
05,999999999,342017115,08122011,000000000007459,000000000000157,000000000007302,603689*********8695,V,000750522900,09122011,01,105401,HQ000166,2 ,00000,000000000007459,000000000000000,1
05,999999999,342017115,08122011,000000000002990,000000000000063,000000000002927,525663******6912   ,V,000750553367,09122011,01,110507,HQ000166,2 ,00000,000000000002990,000000000000000,1
05,999999999,342017115,08122011,000000000002294,000000000000048,000000000002246,589916******8238   ,V,000750556576,09122011,01,110616,HQ000166,2 ,00000,000000000002294,000000000000000,1
05,999999999,342017115,08122011,000000000006930,000000000000146,000000000006784,589916******4761   ,V,000750588104,09122011,01,111719,HQ000166,2 ,00000,000000000006930,000000000000000,1
05,999999999,342017115,08122011,000000000004194,000000000000088,000000000004106,525663******8363   ,V,000750754378,09122011,01,121053,HQ000166,2 ,00000,000000000004194,000000000000000,1
05,999999999,342017115,08122011,000000000024880,000000000000522,000000000024358,589916******1482   ,V,000750758335,09122011,01,121159,HQ000166,2 ,00000,000000000024880,000000000000000,1
05,999999999,342017115,08122011,000000000006143,000000000000129,000000000006014,589916******7929   ,V,000750910133,09122011,01,125029,HQ000166,2 ,00000,000000000006143,000000000000000,1
01,999999999,09122011,08122011,342017116,000034,000000000171822,000000000003609,000000000168213,D,341,000781,00000412150,1
05,999999999,342017116,08122011,000000000005360,000000000000113,000000000005247,512363******1588   ,V,000750681430,09122011,01,114842,PV033669,3 ,00000,000000000005360,000000000000000,1
05,999999999,342017116,08122011,000000000006370,000000000000134,000000000006236,548573******5889   ,V,000750793199,09122011,01,122147,PV033669,3 ,00000,000000000006370,000000000000000,1
05,999999999,342017116,08122011,000000000007800,000000000000164,000000000007636,589916******7936   ,V,000751229761,09122011,01,140645,PV033669,3 ,00000,000000000007800,000000000000000,1
05,999999999,342017116,08122011,000000000002544,000000000000053,000000000002491,512363******4430   ,V,000751350881,09122011,01,144223,PV033669,3 ,00000,000000000002544,000000000000000,1
05,999999999,342017116,08122011,000000000019339,000000000000406,000000000018933,603689*********4822,V,000751351589,09122011,01,144236,PV033669,3 ,00000,000000000019339,000000000000000,1
05,999999999,342017116,08122011,000000000005529,000000000000116,000000000005413,589916******8503   ,V,000751352651,09122011,01,144255,PV033669,3 ,00000,000000000005529,000000000000000,1
05,999999999,342017116,08122011,000000000005055,000000000000106,000000000004949,589916******9455   ,V,000751478557,09122011,01,152533,PV033669,3 ,00000,000000000005055,000000000000000,1
05,999999999,342017116,08122011,000000000003904,000000000000082,000000000003822,542820******1908   ,V,000751887689,09122011,01,175015,PV033669,3 ,00000,000000000003904,000000000000000,1
05,999999999,342017116,08122011,000000000001790,000000000000038,000000000001752,589916******1646   ,V,000752044489,09122011,01,183618,PV033669,3 ,00000,000000000001790,000000000000000,1
05,999999999,342017116,08122011,000000000008260,000000000000173,000000000008087,502121******7575   ,V,000752061628,09122011,01,184131,PV033669,3 ,00000,000000000008260,000000000000000,1
05,999999999,342017116,08122011,000000000008470,000000000000178,000000000008292,589916******1317   ,V,000999130980,09122011,01,184933,PV033669,3 ,00000,000000000008470,000000000000000,1
05,999999999,342017116,08122011,000000000003990,000000000000084,000000000003906,603689*********7775,V,000999131034,09122011,01,184931,PV033669,3 ,00000,000000000003990,000000000000000,1
05,999999999,342017116,08122011,000000000004749,000000000000100,000000000004649,525662******6615   ,V,000999154094,09122011,01,183132,PV033669,3 ,00000,000000000004749,000000000000000,1
05,999999999,342017116,08122011,000000000000490,000000000000010,000000000000480,525663******6660   ,V,000999181014,09122011,01,181144,PV033669,3 ,00000,000000000000490,000000000000000,1
05,999999999,342017116,08122011,000000000007860,000000000000165,000000000007695,589916******7405   ,V,000999199000,09122011,01,175926,PV033669,3 ,00000,000000000007860,000000000000000,1
05,999999999,342017116,08122011,000000000003788,000000000000080,000000000003708,589916******0820   ,V,000999205651,09122011,01,175504,PV033669,3 ,00000,000000000003788,000000000000000,1
05,999999999,342017116,08122011,000000000001490,000000000000031,000000000001459,525662******1863   ,V,000999264362,09122011,01,171128,PV033669,3 ,00000,000000000001490,000000000000000,1
05,999999999,342017116,08122011,000000000002900,000000000000061,000000000002839,589916******8281   ,V,000999277319,09122011,01,170118,PV033669,3 ,00000,000000000002900,000000000000000,1
05,999999999,342017116,08122011,000000000002900,000000000000061,000000000002839,589916******3362   ,V,000999292400,09122011,01,164916,PV033669,3 ,00000,000000000002900,000000000000000,1
05,999999999,342017116,08122011,000000000010910,000000000000229,000000000010681,546451******8054   ,V,000999292942,09122011,01,164849,PV033669,3 ,00000,000000000010910,000000000000000,1
05,999999999,342017116,08122011,000000000003429,000000000000072,000000000003357,502121******5561   ,V,000999388906,09122011,01,153209,PV033669,3 ,00000,000000000003429,000000000000000,1
05,999999999,342017116,08122011,000000000006560,000000000000138,000000000006422,589916******6914   ,V,000999418258,09122011,01,150648,PV033669,3 ,00000,000000000006560,000000000000000,1
05,999999999,342017116,08122011,000000000004480,000000000000094,000000000004386,589916******2466   ,V,000999420150,09122011,01,150509,PV033669,3 ,00000,000000000004480,000000000000000,1
05,999999999,342017116,08122011,000000000006360,000000000000134,000000000006226,603689*********4822,V,000999439728,09122011,01,144851,PV033669,3 ,00000,000000000006360,000000000000000,1
05,999999999,342017116,08122011,000000000002394,000000000000050,000000000002344,589916******3466   ,V,000999459272,09122011,01,143302,PV033669,3 ,00000,000000000002394,000000000000000,1
05,999999999,342017116,08122011,000000000001102,000000000000023,000000000001079,589916******0977   ,V,000999463814,09122011,01,142920,PV033669,3 ,00000,000000000001102,000000000000000,1
05,999999999,342017116,08122011,000000000006860,000000000000144,000000000006716,525663******5951   ,V,000999483423,09122011,01,141432,PV033669,3 ,00000,000000000006860,000000000000000,1
05,999999999,342017116,08122011,000000000005470,000000000000115,000000000005355,589916******0234   ,V,000999543287,09122011,01,133509,PV033669,3 ,00000,000000000005470,000000000000000,1
05,999999999,342017116,08122011,000000000011980,000000000000252,000000000011728,589916******5100   ,V,000999568408,09122011,01,131953,PV033669,3 ,00000,000000000011980,000000000000000,1
05,999999999,342017116,08122011,000000000001390,000000000000029,000000000001361,589916******7929   ,V,000999600703,09122011,01,130109,PV033669,3 ,00000,000000000001390,000000000000000,1
05,999999999,342017116,08122011,000000000001198,000000000000025,000000000001173,603689*********7583,V,000999699297,09122011,01,120705,PV033669,3 ,00000,000000000001198,000000000000000,1
05,999999999,342017116,08122011,000000000003066,000000000000064,000000000003002,589916******2695   ,V,000999723684,09122011,01,115119,PV033669,3 ,00000,000000000003066,000000000000000,1
05,999999999,342017116,08122011,000000000001990,000000000000042,000000000001948,589916******9533   ,V,000999729794,09122011,01,114710,PV033669,3 ,00000,000000000001990,000000000000000,1
05,999999999,342017116,08122011,000000000002045,000000000000043,000000000002002,603689*********2943,V,000999902618,09122011,01,091714,PV033669,3 ,00000,000000000002045,000000000000000,1
02,999999999,002,000042,000000000228509,000000000004800,000000000223709,000000000000000,000000000000000,000000000000000
01,999999999,09122011,08122011,342017117,000019,000000000077113,000000000001618,000000000075495,D,341,000781,00000412150,1
05,999999999,342017117,08122011,000000000003637,000000000000076,000000000003561,589916******1789   ,V,000999306794,09122011,01,163719,PV038888,3 ,00000,000000000003637,000000000000000,1
05,999999999,342017117,08122011,000000000001497,000000000000031,000000000001466,589916******5495   ,V,000999342250,09122011,01,160932,PV038888,3 ,00000,000000000001497,000000000000000,1
05,999999999,342017117,08122011,000000000003670,000000000000077,000000000003593,603689*********3631,V,000999347487,09122011,01,160528,PV038888,3 ,00000,000000000003670,000000000000000,1
05,999999999,342017117,08122011,000000000001317,000000000000028,000000000001289,502121******3275   ,V,000999350745,09122011,01,160247,PV038888,3 ,00000,000000000001317,000000000000000,1
05,999999999,342017117,08122011,000000000009841,000000000000207,000000000009634,603689*********7381,V,000999359058,09122011,01,155606,PV038888,3 ,00000,000000000009841,000000000000000,1
05,999999999,342017117,08122011,000000000001834,000000000000039,000000000001795,603689*********4059,V,000999364160,09122011,01,155204,PV038888,3 ,00000,000000000001834,000000000000000,1
05,999999999,342017117,08122011,000000000002388,000000000000050,000000000002338,603689*********9251,V,000999371961,09122011,01,154556,PV038888,3 ,00000,000000000002388,000000000000000,1
05,999999999,342017117,08122011,000000000000838,000000000000018,000000000000820,603689*********1509,V,000999386809,09122011,01,153351,PV038888,3 ,00000,000000000000838,000000000000000,1
05,999999999,342017117,08122011,000000000001497,000000000000031,000000000001466,502121******5786   ,V,000999435569,09122011,01,145209,PV038888,3 ,00000,000000000001497,000000000000000,1
05,999999999,342017117,08122011,000000000001618,000000000000034,000000000001584,603689*********1439,V,000999440266,09122011,01,144825,PV038888,3 ,00000,000000000001618,000000000000000,1
05,999999999,342017117,08122011,000000000001497,000000000000031,000000000001466,589916******7818   ,V,000999456235,09122011,01,143535,PV038888,3 ,00000,000000000001497,000000000000000,1
05,999999999,342017117,08122011,000000000007432,000000000000156,000000000007276,548826******8522   ,V,000999594207,09122011,01,130448,PV038888,3 ,00000,000000000007432,000000000000000,1
05,999999999,342017117,08122011,000000000004536,000000000000095,000000000004441,589916******4975   ,V,000999724675,09122011,01,115039,PV038888,3 ,00000,000000000004536,000000000000000,1
05,999999999,342017117,08122011,000000000004257,000000000000089,000000000004168,603689*********6209,V,000999749208,09122011,01,113334,PV038888,3 ,00000,000000000004257,000000000000000,1
05,999999999,342017117,08122011,000000000004894,000000000000103,000000000004791,544540******5693   ,V,000999767160,09122011,01,112024,PV038888,3 ,00000,000000000004894,000000000000000,1
05,999999999,342017117,08122011,000000000002680,000000000000056,000000000002624,525662******6764   ,V,000999782551,09122011,01,110805,PV038888,3 ,00000,000000000002680,000000000000000,1
05,999999999,342017117,08122011,000000000002290,000000000000048,000000000002242,603689*********3249,V,000999847057,09122011,01,101403,PV038888,3 ,00000,000000000002290,000000000000000,1
05,999999999,342017117,08122011,000000000001490,000000000000031,000000000001459,603689*********0872,V,000999871235,09122011,01,095129,PV038888,3 ,00000,000000000001490,000000000000000,1
05,999999999,342017117,08122011,000000000019900,000000000000418,000000000019482,546451******3265   ,V,000999886930,09122011,01,093501,PV038888,3 ,00000,000000000019900,000000000000000,1
02,999999999,001,000019,000000000077113,000000000001618,000000000075495,000000000000000,000000000000000,000000000000000
01,999999999,09122011,08122011,342017118,000032,000000000112079,000000000002356,000000000109723,D,341,000781,00000412150,1
05,999999999,342017118,08122011,000000000002594,000000000000054,000000000002540,603689*********0611,V,000750335538,09122011,01,094024,PV038424,3 ,00000,000000000002594,000000000000000,1
05,999999999,342017118,08122011,000000000002669,000000000000056,000000000002613,589916******0341   ,V,000750692052,09122011,01,115203,PV038424,3 ,00000,000000000002669,000000000000000,1
05,999999999,342017118,08122011,000000000004118,000000000000086,000000000004032,589916******7389   ,V,000751314883,09122011,01,143108,PV038424,3 ,00000,000000000004118,000000000000000,1
05,999999999,342017118,08122011,000000000002900,000000000000061,000000000002839,589916******2185   ,V,000751443489,09122011,01,151315,PV038424,3 ,00000,000000000002900,000000000000000,1
05,999999999,342017118,08122011,000000000004970,000000000000104,000000000004866,589916******9421   ,V,000752039073,09122011,01,183444,PV038424,3 ,00000,000000000004970,000000000000000,1
05,999999999,342017118,08122011,000000000004792,000000000000101,000000000004691,525663******8244   ,V,000752156704,09122011,01,190902,PV038424,3 ,00000,000000000004792,000000000000000,1
05,999999999,342017118,08122011,000000000009785,000000000000205,000000000009580,589916******3560   ,V,000999117920,09122011,01,185924,PV038424,3 ,00000,000000000009785,000000000000000,1
05,999999999,342017118,08122011,000000000000990,000000000000021,000000000000969,603689*********8722,V,000999176636,09122011,01,181457,PV038424,3 ,00000,000000000000990,000000000000000,1
05,999999999,342017118,08122011,000000000003980,000000000000084,000000000003896,544731******6734   ,V,000999177349,09122011,01,181427,PV038424,3 ,00000,000000000003980,000000000000000,1
05,999999999,342017118,08122011,000000000000998,000000000000021,000000000000977,603689*********8273,V,000999183457,09122011,01,180958,PV038424,3 ,00000,000000000000998,000000000000000,1
05,999999999,342017118,08122011,000000000001490,000000000000031,000000000001459,512363******4919   ,V,000999194159,09122011,01,180236,PV038424,3 ,00000,000000000001490,000000000000000,1
05,999999999,342017118,08122011,000000000001807,000000000000038,000000000001769,525664******6494   ,V,000999222634,09122011,01,174333,PV038424,3 ,00000,000000000001807,000000000000000,1
05,999999999,342017118,08122011,000000000010548,000000000000222,000000000010326,589916******3057   ,V,000999316140,09122011,01,162932,PV038424,3 ,00000,000000000010548,000000000000000,1
05,999999999,342017118,08122011,000000000005980,000000000000126,000000000005854,589916******3475   ,V,000999387297,09122011,01,153330,PV038424,3 ,00000,000000000005980,000000000000000,1
05,999999999,342017118,08122011,000000000002265,000000000000048,000000000002217,589916******8954   ,V,000999406677,09122011,01,151648,PV038424,3 ,00000,000000000002265,000000000000000,1
05,999999999,342017118,08122011,000000000001485,000000000000031,000000000001454,603689*********7246,V,000999441441,09122011,01,144728,PV038424,3 ,00000,000000000001485,000000000000000,1
05,999999999,342017118,08122011,000000000002500,000000000000053,000000000002447,589916******6572   ,V,000999474893,09122011,01,142050,PV038424,3 ,00000,000000000002500,000000000000000,1
05,999999999,342017118,08122011,000000000002796,000000000000059,000000000002737,603689*********8439,V,000999518298,09122011,01,135055,PV038424,3 ,00000,000000000002796,000000000000000,1
05,999999999,342017118,08122011,000000000010000,000000000000210,000000000009790,603689*********8352,V,000999613336,09122011,01,125416,PV038424,3 ,00000,000000000010000,000000000000000,1
05,999999999,342017118,08122011,000000000001596,000000000000034,000000000001562,603689*********7879,V,000999655397,09122011,01,123223,PV038424,3 ,00000,000000000001596,000000000000000,1
05,999999999,342017118,08122011,000000000002070,000000000000043,000000000002027,589916******5816   ,V,000999693484,09122011,01,121048,PV038424,3 ,00000,000000000002070,000000000000000,1
05,999999999,342017118,08122011,000000000002990,000000000000063,000000000002927,589916******2327   ,V,000999707096,09122011,01,120206,PV038424,3 ,00000,000000000002990,000000000000000,1
05,999999999,342017118,08122011,000000000005170,000000000000109,000000000005061,589916******2008   ,V,000999772136,09122011,01,111629,PV038424,3 ,00000,000000000005170,000000000000000,1
05,999999999,342017118,08122011,000000000002994,000000000000063,000000000002931,603689*********6374,V,000999777567,09122011,01,111205,PV038424,3 ,00000,000000000002994,000000000000000,1
05,999999999,342017118,08122011,000000000000998,000000000000021,000000000000977,603689*********4492,V,000999798312,09122011,01,105535,PV038424,3 ,00000,000000000000998,000000000000000,1
05,999999999,342017118,08122011,000000000002389,000000000000050,000000000002339,589916******2153   ,V,000999816458,09122011,01,104052,PV038424,3 ,00000,000000000002389,000000000000000,1
05,999999999,342017118,08122011,000000000005579,000000000000117,000000000005462,589916******7388   ,V,000999834204,09122011,01,102540,PV038424,3 ,00000,000000000005579,000000000000000,1
05,999999999,342017118,08122011,000000000000990,000000000000021,000000000000969,603689*********1927,V,000999836915,09122011,01,102312,PV038424,3 ,00000,000000000000990,000000000000000,1
05,999999999,342017118,08122011,000000000001980,000000000000042,000000000001938,512363******3569   ,V,000999852604,09122011,01,100859,PV038424,3 ,00000,000000000001980,000000000000000,1
05,999999999,342017118,08122011,000000000002276,000000000000048,000000000002228,525664******2392   ,V,000999873317,09122011,01,094925,PV038424,3 ,00000,000000000002276,000000000000000,1
05,999999999,342017118,08122011,000000000002500,000000000000053,000000000002447,589916******5691   ,V,000999899667,09122011,01,092043,PV038424,3 ,00000,000000000002500,000000000000000,1
05,999999999,342017118,08122011,000000000003880,000000000000081,000000000003799,589916******5691   ,V,000999903567,09122011,01,091608,PV038424,3 ,00000,000000000003880,000000000000000,1
02,999999999,001,000032,000000000112079,000000000002356,000000000109723,000000000000000,000000000000000,000000000000000
01,999999999,09122011,08122011,342017119,000036,000000000122982,000000000002585,000000000120397,D,341,000781,00000412150,1
05,999999999,342017119,08122011,000000000002900,000000000000061,000000000002839,589916******4325   ,V,000500181806,09122011,01,093851,VX064901,2 ,00000,000000000002900,000000000000000,1
05,999999999,342017119,08122011,000000000006980,000000000000147,000000000006833,548573******8853   ,V,000500203153,09122011,01,095239,VX064901,2 ,00000,000000000006980,000000000000000,1
05,999999999,342017119,08122011,000000000003290,000000000000069,000000000003221,589916******5879   ,V,000500253693,09122011,01,102249,VX064901,2 ,00000,000000000003290,000000000000000,1
05,999999999,342017119,08122011,000000000004500,000000000000095,000000000004405,589916******8009   ,V,000500293535,09122011,01,104510,VX064901,2 ,00000,000000000004500,000000000000000,1
05,999999999,342017119,08122011,000000000003465,000000000000073,000000000003392,528052******0544   ,V,000500314468,09122011,01,105631,VX064901,2 ,00000,000000000003465,000000000000000,1
05,999999999,342017119,08122011,000000000012536,000000000000263,000000000012273,603689*********5046,V,000500318810,09122011,01,105843,VX064901,2 ,00000,000000000012536,000000000000000,1
05,999999999,342017119,08122011,000000000006460,000000000000136,000000000006324,515590******5558   ,V,000500340181,09122011,01,111001,VX064901,2 ,00000,000000000006460,000000000000000,1
05,999999999,342017119,08122011,000000000005000,000000000000105,000000000004895,589916******1818   ,V,000500364690,09122011,01,112246,VX064901,2 ,00000,000000000005000,000000000000000,1
05,999999999,342017119,08122011,000000000001990,000000000000042,000000000001948,603689*********4416,V,000500374805,09122011,01,112758,VX064901,2 ,00000,000000000001990,000000000000000,1
05,999999999,342017119,08122011,000000000003380,000000000000071,000000000003309,589916******9875   ,V,000500397398,09122011,01,113927,VX064901,2 ,00000,000000000003380,000000000000000,1
05,999999999,342017119,08122011,000000000000714,000000000000015,000000000000699,589916******8161   ,V,000500418275,09122011,01,114942,VX064901,2 ,00000,000000000000714,000000000000000,1
05,999999999,342017119,08122011,000000000003115,000000000000065,000000000003050,603689*********1012,V,000500437897,09122011,01,115906,VX064901,2 ,00000,000000000003115,000000000000000,1
05,999999999,342017119,08122011,000000000003380,000000000000071,000000000003309,515891******2211   ,V,000500468267,09122011,01,121329,VX064901,2 ,00000,000000000003380,000000000000000,1
05,999999999,342017119,08122011,000000000001068,000000000000022,000000000001046,589916******5374   ,V,000500470485,09122011,01,121428,VX064901,2 ,00000,000000000001068,000000000000000,1
05,999999999,342017119,08122011,000000000000998,000000000000021,000000000000977,589916******5650   ,V,000500486365,09122011,01,122142,VX064901,2 ,00000,000000000000998,000000000000000,1
05,999999999,342017119,08122011,000000000001817,000000000000038,000000000001779,589916******3230   ,V,000500492790,09122011,01,122437,VX064901,2 ,00000,000000000001817,000000000000000,1
05,999999999,342017119,08122011,000000000001068,000000000000022,000000000001046,546452******4769   ,V,000500547996,09122011,01,124808,VX064901,2 ,00000,000000000001068,000000000000000,1
05,999999999,342017119,08122011,000000000004280,000000000000090,000000000004190,548827******6105   ,V,000500553728,09122011,01,125030,VX064901,2 ,00000,000000000004280,000000000000000,1
05,999999999,342017119,08122011,000000000002163,000000000000045,000000000002118,502121******3124   ,V,000500584679,09122011,01,130357,VX064901,2 ,00000,000000000002163,000000000000000,1
05,999999999,342017119,08122011,000000000004491,000000000000094,000000000004397,589916******6921   ,V,000500588338,09122011,01,130539,VX064901,2 ,00000,000000000004491,000000000000000,1
05,999999999,342017119,08122011,000000000002900,000000000000061,000000000002839,525663******4414   ,V,000500625748,09122011,01,132242,VX064901,2 ,00000,000000000002900,000000000000000,1
05,999999999,342017119,08122011,000000000000998,000000000000021,000000000000977,603689*********4958,V,000500657322,09122011,01,133749,VX064901,2 ,00000,000000000000998,000000000000000,1
05,999999999,342017119,08122011,000000000001890,000000000000040,000000000001850,589916******1282   ,V,000500754369,09122011,01,142822,VX064901,2 ,00000,000000000001890,000000000000000,1
05,999999999,342017119,08122011,000000000001596,000000000000034,000000000001562,589916******8802   ,V,000500780209,09122011,01,144243,VX064901,2 ,00000,000000000001596,000000000000000,1
05,999999999,342017119,08122011,000000000006280,000000000000132,000000000006148,589916******0398   ,V,000500806667,09122011,01,145742,VX064901,2 ,00000,000000000006280,000000000000000,1
05,999999999,342017119,08122011,000000000003000,000000000000063,000000000002937,603689*********6366,V,000500823251,09122011,01,150704,VX064901,2 ,00000,000000000003000,000000000000000,1
05,999999999,342017119,08122011,000000000001033,000000000000022,000000000001011,515891******3111   ,V,000500828891,09122011,01,151011,VX064901,2 ,00000,000000000001033,000000000000000,1
05,999999999,342017119,08122011,000000000003725,000000000000078,000000000003647,603689*********2014,V,000500885561,09122011,01,154205,VX064901,2 ,00000,000000000003725,000000000000000,1
05,999999999,342017119,08122011,000000000005500,000000000000116,000000000005384,589916******7496   ,V,000500918916,09122011,01,160054,VX064901,2 ,00000,000000000005500,000000000000000,1
05,999999999,342017119,08122011,000000000001648,000000000000035,000000000001613,589916******7499   ,V,000500945456,09122011,01,161528,VX064901,2 ,00000,000000000001648,000000000000000,1
05,999999999,342017119,08122011,000000000001247,000000000000026,000000000001221,549167******9872   ,V,000501025763,09122011,01,165736,VX064901,2 ,00000,000000000001247,000000000000000,1
05,999999999,342017119,08122011,000000000001272,000000000000027,000000000001245,603689*********0940,V,000501029264,09122011,01,165928,VX064901,2 ,00000,000000000001272,000000000000000,1
05,999999999,342017119,08122011,000000000002900,000000000000061,000000000002839,546451******7843   ,V,000501040445,09122011,01,170514,VX064901,2 ,00000,000000000002900,000000000000000,1
05,999999999,342017119,08122011,000000000010223,000000000000215,000000000010008,589916******7825   ,V,000501048347,09122011,01,170921,VX064901,2 ,00000,000000000010223,000000000000000,1
05,999999999,342017119,08122011,000000000003185,000000000000067,000000000003118,603689*********8906,V,000501068560,09122011,01,171934,VX064901,2 ,00000,000000000003185,000000000000000,1
05,999999999,342017119,08122011,000000000001990,000000000000042,000000000001948,525662******5567   ,V,000501229851,09122011,01,182847,VX064901,2 ,00000,000000000001990,000000000000000,1
02,999999999,001,000036,000000000122982,000000000002585,000000000120397,000000000000000,000000000000000,000000000000000
01,999999999,09122011,08122011,342017120,000034,000000000190132,000000000003992,000000000186140,D,341,000781,00000412150,1
05,999999999,342017120,08122011,000000000001920,000000000000040,000000000001880,525664******5709   ,V,000750365392,09122011,01,095309,PV033294,3 ,00000,000000000001920,000000000000000,1
05,999999999,342017120,08122011,000000000001380,000000000000029,000000000001351,512363******8737   ,V,000750509962,09122011,01,104913,PV033294,3 ,00000,000000000001380,000000000000000,1
05,999999999,342017120,08122011,000000000002978,000000000000063,000000000002915,589916******0903   ,V,000751510502,09122011,01,153725,PV033294,3 ,00000,000000000002978,000000000000000,1
05,999999999,342017120,08122011,000000000034626,000000000000727,000000000033899,502121******6857   ,V,000751553287,09122011,01,155328,PV033294,3 ,00000,000000000034626,000000000000000,1
05,999999999,342017120,08122011,000000000007270,000000000000153,000000000007117,589916******9900   ,V,000751625312,09122011,01,162002,PV033294,3 ,00000,000000000007270,000000000000000,1
05,999999999,342017120,08122011,000000000003069,000000000000064,000000000003005,589916******5946   ,V,000751708364,09122011,01,165000,PV033294,3 ,00000,000000000003069,000000000000000,1
05,999999999,342017120,08122011,000000000002307,000000000000048,000000000002259,603689*********1696,V,000751939355,09122011,01,180529,PV033294,3 ,00000,000000000002307,000000000000000,1
05,999999999,342017120,08122011,000000000004812,000000000000101,000000000004711,589916******9073   ,V,000751996220,09122011,01,182208,PV033294,3 ,00000,000000000004812,000000000000000,1
05,999999999,342017120,08122011,000000000008250,000000000000173,000000000008077,547874******3602   ,V,000752335190,09122011,01,201010,PV033294,3 ,00000,000000000008250,000000000000000,1
05,999999999,342017120,08122011,000000000007900,000000000000166,000000000007734,542974******3286   ,V,000999034385,09122011,01,200524,PV033294,3 ,00000,000000000007900,000000000000000,1
05,999999999,342017120,08122011,000000000000988,000000000000021,000000000000967,512363******8645   ,V,000999037187,09122011,01,200307,PV033294,3 ,00000,000000000000988,000000000000000,1
05,999999999,342017120,08122011,000000000001198,000000000000025,000000000001173,603689*********9425,V,000999077968,09122011,01,193039,PV033294,3 ,00000,000000000001198,000000000000000,1
05,999999999,342017120,08122011,000000000008283,000000000000174,000000000008109,589916******5540   ,V,000999138283,09122011,01,184345,PV033294,3 ,00000,000000000008283,000000000000000,1
05,999999999,342017120,08122011,000000000006070,000000000000127,000000000005943,525663******2849   ,V,000999173622,09122011,01,181703,PV033294,3 ,00000,000000000006070,000000000000000,1
05,999999999,342017120,08122011,000000000015160,000000000000318,000000000014842,603689*********5979,V,000999317656,09122011,01,162817,PV033294,3 ,00000,000000000015160,000000000000000,1
05,999999999,342017120,08122011,000000000007997,000000000000168,000000000007829,589916******9968   ,V,000999384758,09122011,01,153530,PV033294,3 ,00000,000000000007997,000000000000000,1
05,999999999,342017120,08122011,000000000003470,000000000000073,000000000003397,525662******0822   ,V,000999490636,09122011,01,140929,PV033294,3 ,00000,000000000003470,000000000000000,1
05,999999999,342017120,08122011,000000000003679,000000000000077,000000000003602,525663******8523   ,V,000999498343,09122011,01,140403,PV033294,3 ,00000,000000000003679,000000000000000,1
05,999999999,342017120,08122011,000000000002990,000000000000063,000000000002927,502121******9034   ,V,000999514422,09122011,01,135327,PV033294,3 ,00000,000000000002990,000000000000000,1
05,999999999,342017120,08122011,000000000001237,000000000000026,000000000001211,603689*********5917,V,000999518258,09122011,01,135057,PV033294,3 ,00000,000000000001237,000000000000000,1
05,999999999,342017120,08122011,000000000003589,000000000000075,000000000003514,544731******1099   ,V,000999524382,09122011,01,134701,PV033294,3 ,00000,000000000003589,000000000000000,1
05,999999999,342017120,08122011,000000000007188,000000000000151,000000000007037,525664******6171   ,V,000999558870,09122011,01,132539,PV033294,3 ,00000,000000000007188,000000000000000,1
05,999999999,342017120,08122011,000000000002325,000000000000049,000000000002276,603689*********1927,V,000999591695,09122011,01,130608,PV033294,3 ,00000,000000000002325,000000000000000,1
05,999999999,342017120,08122011,000000000015980,000000000000336,000000000015644,589916******4778   ,V,000999644906,09122011,01,123744,PV033294,3 ,00000,000000000015980,000000000000000,1
05,999999999,342017120,08122011,000000000002095,000000000000044,000000000002051,542820******9758   ,V,000999649970,09122011,01,123507,PV033294,3 ,00000,000000000002095,000000000000000,1
05,999999999,342017120,08122011,000000000003681,000000000000077,000000000003604,589916******3532   ,V,000999703202,09122011,01,120437,PV033294,3 ,00000,000000000003681,000000000000000,1
05,999999999,342017120,08122011,000000000001836,000000000000039,000000000001797,603689*********7081,V,000999726102,09122011,01,114941,PV033294,3 ,00000,000000000001836,000000000000000,1
05,999999999,342017120,08122011,000000000007878,000000000000165,000000000007713,603689*********0699,V,000999729217,09122011,01,114735,PV033294,3 ,00000,000000000007878,000000000000000,1
05,999999999,342017120,08122011,000000000002370,000000000000050,000000000002320,603689*********8893,V,000999765642,09122011,01,112134,PV033294,3 ,00000,000000000002370,000000000000000,1
05,999999999,342017120,08122011,000000000008260,000000000000173,000000000008087,525664******9798   ,V,000999772884,09122011,01,111556,PV033294,3 ,00000,000000000008260,000000000000000,1
05,999999999,342017120,08122011,000000000002186,000000000000046,000000000002140,518767******5481   ,V,000999777284,09122011,01,111219,PV033294,3 ,00000,000000000002186,000000000000000,1
05,999999999,342017120,08122011,000000000002994,000000000000063,000000000002931,525662******1229   ,V,000999788184,09122011,01,110341,PV033294,3 ,00000,000000000002994,000000000000000,1
05,999999999,342017120,08122011,000000000002370,000000000000050,000000000002320,518767******4225   ,V,000999870522,09122011,01,095211,PV033294,3 ,00000,000000000002370,000000000000000,1
05,999999999,342017120,08122011,000000000001796,000000000000038,000000000001758,603689*********0112,V,000999892560,09122011,01,092850,PV033294,3 ,00000,000000000001796,000000000000000,1
02,999999999,001,000034,000000000190132,000000000003992,000000000186140,000000000000000,000000000000000,000000000000000
03,999999999,055,000981,000000004640592,000000000097473,000000004543119,000000000002990,000000000000043,000000000002947
04,999999999,000055,000981,000000004640592,000000000097473,000000004543119,000000000002990,000000000000043,000000000002947,000216