00,038959011,27102019,26102019,Movimentacao diaria - Cartoes de Debito,Redecard,WESTWING                  ,000485,DIARIO         ,V1.04 - 07/10 - EEVD
01,067603335,28102019,26102019,299220867,000005,000000000054820,000000000000823,000000000053997,D,341,000300,00000152352,1
05,067603335,299220867,26102019,000000000018280,000000000000274,000000000018006,589916******2066   ,V,000003039558,28102019,01,104619,CW196928,2 ,00000,000000000018280,000000000000000,1
05,067603335,299220867,26102019,000000000010990,000000000000165,000000000010825,540105******0525   ,V,000003972384,28102019,01,130321,CW196928,2 ,00000,000000000010990,000000000000000,1
05,067603335,299220867,26102019,000000000011580,000000000000174,000000000011406,520132******3789   ,V,000004604464,28102019,01,145630,CW196928,2 ,00000,000000000011580,000000000000000,1
05,067603335,299220867,26102019,000000000011980,000000000000180,000000000011800,589916******7127   ,V,000004714102,28102019,01,151809,CW196928,2 ,00000,000000000011980,000000000000000,1
05,067603335,299220867,26102019,000000000001990,000000000000030,000000000001960,589916******7127   ,V,000247489698,28102019,01,152050,CW196928,2 ,00000,000000000001990,000000000000000,1
01,067603335,28102019,26102019,299527082,000005,000000000090482,000000000001356,000000000089126,D,341,000300,00000152352,3
05,067603335,299527082,26102019,000000000031490,000000000000472,000000000031018,498406******2668   ,V,000247301936,28102019,01,160220,CW196928,2 ,00000,000000000031490,000000000000000,3
05,067603335,299527082,26102019,000000000005490,000000000000082,000000000005408,466079******1730   ,V,000247385018,28102019,01,154405,CW196928,2 ,00000,000000000005490,000000000000000,3
05,067603335,299527082,26102019,000000000015280,000000000000229,000000000015051,490172******9882   ,V,000247981420,28102019,01,133930,CW196928,2 ,00000,000000000015280,000000000000000,3
05,067603335,299527082,26102019,000000000029990,000000000000450,000000000029540,483042******9103   ,V,000248775304,28102019,01,112803,CW196928,2 ,00000,000000000029990,000000000000000,3
05,067603335,299527082,26102019,000000000008232,000000000000123,000000000008109,483042******9103   ,V,000248743188,28102019,01,113323,CW196928,2 ,00000,000000000008232,000000000000000,3
01,067603335,28102019,26102019,299815123,000001,000000000015790,000000000000385,000000000015405,D,341,000300,00000152352,E
05,067603335,299815123,26102019,000000000015790,000000000000385,000000000015405,506776******8022   ,V,000002936210,28102019,01,102902,CW196928,2 ,00000,000000000015790,000000000000000,E
02,067603335,003,000011,000000000161092,000000000002564,000000000158528,000000000000000,000000000000000,000000000000000
03,038959011,003,000011,000000000161092,000000000002564,000000000158528,000000000000000,000000000000000,000000000000000
04,038959011,000003,000011,000000000161092,000000000002564,000000000158528,000000000000000,000000000000000,000000000000000,000018
