00,038959011,20102019,19102019,Movimentacao diaria - Cartoes de Debito,Redecard,WESTWING                  ,000478,DIARIO         ,V1.04 - 07/10 - EEVD
01,067603335,21102019,19102019,292227444,000002,000000000024960,000000000000375,000000000024585,D,341,000300,00000152352,1
05,067603335,292227444,19102019,000000000001990,000000000000030,000000000001960,589916******9012   ,V,000005205942,21102019,01,162428,CW196928,2 ,00000,000000000001990,000000000000000,1
05,067603335,292227444,19102019,000000000022970,000000000000345,000000000022625,589916******9243   ,V,000246523594,21102019,01,181731,CW196928,2 ,00000,000000000022970,000000000000000,1
01,067603335,21102019,19102019,292541600,000002,000000000053770,000000000000807,000000000052963,D,341,000300,00000152352,3
05,067603335,292541600,19102019,000000000013980,000000000000210,000000000013770,490172******4434   ,V,000247835890,21102019,01,134712,CW196928,2 ,00000,000000000013980,000000000000000,3
05,067603335,292541600,19102019,000000000039790,000000000000597,000000000039193,410390******9568   ,V,000247936258,21102019,01,132932,CW196928,2 ,00000,000000000039790,000000000000000,3
01,067603335,21102019,19102019,292836714,000001,000000000013980,000000000000341,000000000013639,D,341,000300,00000152352,E
05,067603335,292836714,19102019,000000000013980,000000000000341,000000000013639,650907******2847   ,V,000005903284,21102019,01,184459,CW196928,2 ,00000,000000000013980,000000000000000,E
02,067603335,003,000005,000000000092710,000000000001523,000000000091187,000000000000000,000000000000000,000000000000000
03,038959011,003,000005,000000000092710,000000000001523,000000000091187,000000000000000,000000000000000,000000000000000
04,038959011,000003,000005,000000000092710,000000000001523,000000000091187,000000000000000,000000000000000,000000000000000,000012
