00,038959011,06102019,05102019,Movimentacao diaria - Cartoes de Debito,Redecard,WESTWING                  ,000464,DIARIO         ,V1.04 - 07/10 - EEVD
01,067603335,07102019,05102019,278238319,000004,000000000034060,000000000000511,000000000033549,D,341,000300,00000152352,1
05,067603335,278238319,05102019,000000000006990,000000000000105,000000000006885,515590******7879   ,V,000004600650,07102019,01,124725,CW196928,2 ,00000,000000000006990,000000000000000,1
05,067603335,278238319,05102019,000000000006390,000000000000096,000000000006294,589916******1805   ,V,000004686356,07102019,01,125844,CW196928,2 ,00000,000000000006390,000000000000000,1
05,067603335,278238319,05102019,000000000014290,000000000000214,000000000014076,589916******1081   ,V,000004927982,07102019,01,133226,CW196928,2 ,00000,000000000014290,000000000000000,1
05,067603335,278238319,05102019,000000000006390,000000000000096,000000000006294,589916******9515   ,V,000247927106,07102019,01,125755,CW196928,2 ,00000,000000000006390,000000000000000,1
01,067603335,07102019,05102019,278570499,000001,000000000015780,000000000000237,000000000015543,D,341,000300,00000152352,3
05,067603335,278570499,05102019,000000000015780,000000000000237,000000000015543,483042******2106   ,V,000246678772,07102019,01,164238,CW196928,2 ,00000,000000000015780,000000000000000,3
02,067603335,002,000005,000000000049840,000000000000748,000000000049092,000000000000000,000000000000000,000000000000000
03,038959011,002,000005,000000000049840,000000000000748,000000000049092,000000000000000,000000000000000,000000000000000
04,038959011,000002,000005,000000000049840,000000000000748,000000000049092,000000000000000,000000000000000,000000000000000,000011
