00,038959011,07102019,06102019,Movimentacao diaria - Cartoes de Debito,Redecard,WESTWING                  ,000465,DIARIO         ,V1.04 - 07/10 - EEVD
01,067603335,07102019,06102019,279126017,000004,000000000102050,000000000001532,000000000100518,D,341,000300,00000152352,1
05,067603335,279126017,06102019,000000000017980,000000000000270,000000000017710,514945******5928   ,V,000004530562,07102019,01,144335,CW196928,2 ,00000,000000000017980,000000000000000,1
05,067603335,279126017,06102019,000000000007790,000000000000117,000000000007673,589916******8594   ,V,000247934074,07102019,01,171730,CW196928,2 ,00000,000000000007790,000000000000000,1
05,067603335,279126017,06102019,000000000034980,000000000000525,000000000034455,546479******6107   ,V,000248060560,07102019,01,163235,CW196928,2 ,00000,000000000034980,000000000000000,1
05,067603335,279126017,06102019,000000000041300,000000000000620,000000000040680,589916******7127   ,V,000248460382,07102019,01,142258,CW196928,2 ,00000,000000000041300,000000000000000,1
01,067603335,07102019,06102019,279303002,000001,000000000011270,000000000000169,000000000011101,D,341,000300,00000152352,3
05,067603335,279303002,06102019,000000000011270,000000000000169,000000000011101,498401******1018   ,V,000004943718,07102019,01,165126,CW196928,2 ,00000,000000000011270,000000000000000,3
02,067603335,002,000005,000000000113320,000000000001701,000000000111619,000000000000000,000000000000000,000000000000000
03,038959011,002,000005,000000000113320,000000000001701,000000000111619,000000000000000,000000000000000,000000000000000
04,038959011,000002,000005,000000000113320,000000000001701,000000000111619,000000000000000,000000000000000,000000000000000,000011
