00,038959011,14102019,13102019,Movimentacao diaria - Cartoes de Debito,Redecard,WESTWING                  ,000472,DIARIO         ,V1.04 - 07/10 - EEVD
01,067603335,14102019,13102019,286122743,000002,000000000010001,000000000000150,000000000009851,D,341,000300,00000152352,1
05,067603335,286122743,13102019,000000000002990,000000000000045,000000000002945,603689*********7879,V,000003165374,14102019,01,122042,CW196928,2 ,00000,000000000002990,000000000000000,1
05,067603335,286122743,13102019,000000000007011,000000000000105,000000000006906,589916******8931   ,V,000003998184,14102019,01,160802,CW196928,2 ,00000,000000000007011,000000000000000,1
01,067603335,14102019,13102019,286295412,000002,000000000034440,000000000000516,000000000033924,D,341,000300,00000152352,3
05,067603335,286295412,13102019,000000000027960,000000000000419,000000000027541,476608******2204   ,V,000003692238,14102019,01,143103,CW196928,2 ,00000,000000000027960,000000000000000,3
05,067603335,286295412,13102019,000000000006480,000000000000097,000000000006383,483042******3103   ,V,000248123654,14102019,01,124502,CW196928,2 ,00000,000000000006480,000000000000000,3
02,067603335,002,000004,000000000044441,000000000000666,000000000043775,000000000000000,000000000000000,000000000000000
03,038959011,002,000004,000000000044441,000000000000666,000000000043775,000000000000000,000000000000000,000000000000000
04,038959011,000002,000004,000000000044441,000000000000666,000000000043775,000000000000000,000000000000000,000000000000000,000010
