00,038959011,28102019,27102019,Movimentacao diaria - Cartoes de Debito,Redecard,WESTWING                  ,000486,DIARIO         ,V1.04 - 07/10 - EEVD
01,067603335,28102019,27102019,300120138,000002,000000000014970,000000000000225,000000000014745,D,341,000300,00000152352,1
05,067603335,300120138,27102019,000000000007980,000000000000120,000000000007860,548573******6543   ,V,000003813038,28102019,01,151138,CW196928,2 ,00000,000000000007980,000000000000000,1
05,067603335,300120138,27102019,000000000006990,000000000000105,000000000006885,548573******6543   ,V,000248360798,28102019,01,152657,CW196928,2 ,00000,000000000006990,000000000000000,1
01,067603335,28102019,27102019,300289152,000003,000000000096012,000000000001440,000000000094572,D,341,000300,00000152352,3
05,067603335,300289152,27102019,000000000016070,000000000000241,000000000015829,498442******3870   ,V,000003080340,28102019,01,115144,CW196928,2 ,00000,000000000016070,000000000000000,3
05,067603335,300289152,27102019,000000000064942,000000000000974,000000000063968,483042******9105   ,V,000003987986,28102019,01,161421,CW196928,2 ,00000,000000000064942,000000000000000,3
05,067603335,300289152,27102019,000000000015000,000000000000225,000000000014775,410390******6761   ,V,000004063906,28102019,01,164227,CW196928,2 ,00000,000000000015000,000000000000000,3
02,067603335,002,000005,000000000110982,000000000001665,000000000109317,000000000000000,000000000000000,000000000000000
03,038959011,002,000005,000000000110982,000000000001665,000000000109317,000000000000000,000000000000000,000000000000000
04,038959011,000002,000005,000000000110982,000000000001665,000000000109317,000000000000000,000000000000000,000000000000000,000011
