00,038959011,19102019,18102019,Movimentacao diaria - Cartoes de Debito,Redecard,WESTWING                  ,000477,DIARIO         ,V1.04 - 07/10 - EEVD
01,067603335,21102019,18102019,291237015,000003,000000000030027,000000000000450,000000000029577,D,341,000300,00000152352,1
05,067603335,291237015,18102019,000000000004990,000000000000075,000000000004915,589916******6977   ,V,000002875638,21102019,01,103455,CW196928,2 ,00000,000000000004990,000000000000000,1
05,067603335,291237015,18102019,000000000010477,000000000000157,000000000010320,523284******4853   ,V,000004126664,21102019,01,142012,CW196928,2 ,00000,000000000010477,000000000000000,1
05,067603335,291237015,18102019,000000000014560,000000000000218,000000000014342,549167******9415   ,V,000248803170,21102019,01,115812,CW196928,2 ,00000,000000000014560,000000000000000,1
01,067603335,21102019,18102019,291560739,000001,000000000020790,000000000000312,000000000020478,D,341,000300,00000152352,3
05,067603335,291560739,18102019,000000000020790,000000000000312,000000000020478,498406******8948   ,V,000247237170,21102019,01,171411,CW196928,2 ,00000,000000000020790,000000000000000,3
02,067603335,002,000004,000000000050817,000000000000762,000000000050055,000000000000000,000000000000000,000000000000000
03,038959011,002,000004,000000000050817,000000000000762,000000000050055,000000000000000,000000000000000,000000000000000
04,038959011,000002,000004,000000000050817,000000000000762,000000000050055,000000000000000,000000000000000,000000000000000,000010
