00,038959011,01102019,30092019,Movimentacao diaria - Cartoes de Debito,Redecard,WESTWING                  ,000459,DIARIO         ,V1.04 - 07/10 - EEVD
01,067603335,01102019,30092019,273215444,000002,000000000022770,000000000000342,000000000022428,D,341,000300,00000152352,1
05,067603335,273215444,30092019,000000000014790,000000000000222,000000000014568,520132******9190   ,V,000003235698,01102019,01,121522,CW196928,2 ,00000,000000000014790,000000000000000,1
05,067603335,273215444,30092019,000000000007980,000000000000120,000000000007860,544540******8315   ,V,000003245508,01102019,01,121713,CW196928,2 ,00000,000000000007980,000000000000000,1
01,067603335,01102019,30092019,273495237,000001,000000000000080,000000000000001,000000000000079,D,341,000300,00000152352,3
05,067603335,273495237,30092019,000000000000080,000000000000001,000000000000079,498406******0402   ,V,000005121592,01102019,01,182506,CW196928,2 ,00000,000000000000080,000000000000000,3
02,067603335,002,000003,000000000022850,000000000000343,000000000022507,000000000000000,000000000000000,000000000000000
03,038959011,002,000003,000000000022850,000000000000343,000000000022507,000000000000000,000000000000000,000000000000000
04,038959011,000002,000003,000000000022850,000000000000343,000000000022507,000000000000000,000000000000000,000000000000000,000009
00,038959011,02102019,01102019,Movimentacao diaria - Cartoes de Debito,Redecard,WESTWING                  ,000460,DIARIO         ,V1.04 - 07/10 - EEVD
01,067603335,02102019,01102019,274226206,000001,000000000039384,000000000000591,000000000038793,D,341,000300,00000152352,1
05,067603335,274226206,01102019,000000000039384,000000000000591,000000000038793,603689*********9863,V,000003559826,02102019,01,124310,CW196928,2 ,00000,000000000039384,000000000000000,1
01,067603335,02102019,01102019,274527152,000001,000000000013490,000000000000202,000000000013288,D,341,000300,00000152352,3
05,067603335,274527152,01102019,000000000013490,000000000000202,000000000013288,490172******3513   ,V,000005393012,02102019,01,182730,CW196928,2 ,00000,000000000013490,000000000000000,3
02,067603335,002,000002,000000000052874,000000000000793,000000000052081,000000000000000,000000000000000,000000000000000
03,038959011,002,000002,000000000052874,000000000000793,000000000052081,000000000000000,000000000000000,000000000000000
04,038959011,000002,000002,000000000052874,000000000000793,000000000052081,000000000000000,000000000000000,000000000000000,000008
00,038959011,03102019,02102019,Movimentacao diaria - Cartoes de Debito,Redecard,WESTWING                  ,000461,DIARIO         ,V1.04 - 07/10 - EEVD
04,038959011,000000,000000,000000000000000,000000000000000,000000000000000,000000000000000,000000000000000,000000000000000,000002
00,038959011,04102019,03102019,Movimentacao diaria - Cartoes de Debito,Redecard,WESTWING                  ,000462,DIARIO         ,V1.04 - 07/10 - EEVD
01,067603335,04102019,03102019,276229132,000001,000000000004490,000000000000067,000000000004423,D,341,000300,00000152352,1
05,067603335,276229132,03102019,000000000004490,000000000000067,000000000004423,589916******8075   ,V,000004030364,04102019,01,143647,CW196928,2 ,00000,000000000004490,000000000000000,1
02,067603335,001,000001,000000000004490,000000000000067,000000000004423,000000000000000,000000000000000,000000000000000
03,038959011,001,000001,000000000004490,000000000000067,000000000004423,000000000000000,000000000000000,000000000000000
04,038959011,000001,000001,000000000004490,000000000000067,000000000004423,000000000000000,000000000000000,000000000000000,000006
00,038959011,05102019,04102019,Movimentacao diaria - Cartoes de Debito,Redecard,WESTWING                  ,000463,DIARIO         ,V1.04 - 07/10 - EEVD
01,067603335,07102019,04102019,277244790,000001,000000000056070,000000000000841,000000000055229,D,341,000300,00000152352,1
05,067603335,277244790,04102019,000000000056070,000000000000841,000000000055229,589916******0704   ,V,000004127842,07102019,01,135836,CW196928,2 ,00000,000000000056070,000000000000000,1
02,067603335,001,000001,000000000056070,000000000000841,000000000055229,000000000000000,000000000000000,000000000000000
03,038959011,001,000001,000000000056070,000000000000841,000000000055229,000000000000000,000000000000000,000000000000000
04,038959011,000001,000001,000000000056070,000000000000841,000000000055229,000000000000000,000000000000000,000000000000000,000006
00,038959011,06102019,05102019,Movimentacao diaria - Cartoes de Debito,Redecard,WESTWING                  ,000464,DIARIO         ,V1.04 - 07/10 - EEVD
01,067603335,07102019,05102019,278238319,000004,000000000034060,000000000000511,000000000033549,D,341,000300,00000152352,1
05,067603335,278238319,05102019,000000000006990,000000000000105,000000000006885,515590******7879   ,V,000004600650,07102019,01,124725,CW196928,2 ,00000,000000000006990,000000000000000,1
05,067603335,278238319,05102019,000000000006390,000000000000096,000000000006294,589916******1805   ,V,000004686356,07102019,01,125844,CW196928,2 ,00000,000000000006390,000000000000000,1
05,067603335,278238319,05102019,000000000014290,000000000000214,000000000014076,589916******1081   ,V,000004927982,07102019,01,133226,CW196928,2 ,00000,000000000014290,000000000000000,1
05,067603335,278238319,05102019,000000000006390,000000000000096,000000000006294,589916******9515   ,V,000247927106,07102019,01,125755,CW196928,2 ,00000,000000000006390,000000000000000,1
01,067603335,07102019,05102019,278570499,000001,000000000015780,000000000000237,000000000015543,D,341,000300,00000152352,3
05,067603335,278570499,05102019,000000000015780,000000000000237,000000000015543,483042******2106   ,V,000246678772,07102019,01,164238,CW196928,2 ,00000,000000000015780,000000000000000,3
02,067603335,002,000005,000000000049840,000000000000748,000000000049092,000000000000000,000000000000000,000000000000000
03,038959011,002,000005,000000000049840,000000000000748,000000000049092,000000000000000,000000000000000,000000000000000
04,038959011,000002,000005,000000000049840,000000000000748,000000000049092,000000000000000,000000000000000,000000000000000,000011
00,038959011,07102019,06102019,Movimentacao diaria - Cartoes de Debito,Redecard,WESTWING                  ,000465,DIARIO         ,V1.04 - 07/10 - EEVD
01,067603335,07102019,06102019,279126017,000004,000000000102050,000000000001532,000000000100518,D,341,000300,00000152352,1
05,067603335,279126017,06102019,000000000017980,000000000000270,000000000017710,514945******5928   ,V,000004530562,07102019,01,144335,CW196928,2 ,00000,000000000017980,000000000000000,1
05,067603335,279126017,06102019,000000000007790,000000000000117,000000000007673,589916******8594   ,V,000247934074,07102019,01,171730,CW196928,2 ,00000,000000000007790,000000000000000,1
05,067603335,279126017,06102019,000000000034980,000000000000525,000000000034455,546479******6107   ,V,000248060560,07102019,01,163235,CW196928,2 ,00000,000000000034980,000000000000000,1
05,067603335,279126017,06102019,000000000041300,000000000000620,000000000040680,589916******7127   ,V,000248460382,07102019,01,142258,CW196928,2 ,00000,000000000041300,000000000000000,1
01,067603335,07102019,06102019,279303002,000001,000000000011270,000000000000169,000000000011101,D,341,000300,00000152352,3
05,067603335,279303002,06102019,000000000011270,000000000000169,000000000011101,498401******1018   ,V,000004943718,07102019,01,165126,CW196928,2 ,00000,000000000011270,000000000000000,3
02,067603335,002,000005,000000000113320,000000000001701,000000000111619,000000000000000,000000000000000,000000000000000
03,038959011,002,000005,000000000113320,000000000001701,000000000111619,000000000000000,000000000000000,000000000000000
04,038959011,000002,000005,000000000113320,000000000001701,000000000111619,000000000000000,000000000000000,000000000000000,000011
00,038959011,08102019,07102019,Movimentacao diaria - Cartoes de Debito,Redecard,WESTWING                  ,000466,DIARIO         ,V1.04 - 07/10 - EEVD
01,067603335,08102019,07102019,280220434,000002,000000000025073,000000000000376,000000000024697,D,341,000300,00000152352,1
05,067603335,280220434,07102019,000000000009093,000000000000136,000000000008957,515590******3767   ,V,000003161596,08102019,01,104436,CW196928,2 ,00000,000000000009093,000000000000000,1
05,067603335,280220434,07102019,000000000015980,000000000000240,000000000015740,589916******8602   ,V,000005153966,08102019,01,172405,CW196928,2 ,00000,000000000015980,000000000000000,1
02,067603335,001,000002,000000000025073,000000000000376,000000000024697,000000000000000,000000000000000,000000000000000
03,038959011,001,000002,000000000025073,000000000000376,000000000024697,000000000000000,000000000000000,000000000000000
04,038959011,000001,000002,000000000025073,000000000000376,000000000024697,000000000000000,000000000000000,000000000000000,000007
00,038959011,09102019,08102019,Movimentacao diaria - Cartoes de Debito,Redecard,WESTWING                  ,000467,DIARIO         ,V1.04 - 07/10 - EEVD
04,038959011,000000,000000,000000000000000,000000000000000,000000000000000,000000000000000,000000000000000,000000000000000,000002
00,038959011,10102019,09102019,Movimentacao diaria - Cartoes de Debito,Redecard,WESTWING                  ,000468,DIARIO         ,V1.04 - 07/10 - EEVD
01,067603335,10102019,09102019,282538025,000001,000000000010480,000000000000157,000000000010323,D,341,000300,00000152352,3
05,067603335,282538025,09102019,000000000010480,000000000000157,000000000010323,498406******8120   ,V,000004732202,10102019,01,151500,CW196928,2 ,00000,000000000010480,000000000000000,3
02,067603335,001,000001,000000000010480,000000000000157,000000000010323,000000000000000,000000000000000,000000000000000
03,038959011,001,000001,000000000010480,000000000000157,000000000010323,000000000000000,000000000000000,000000000000000
04,038959011,000001,000001,000000000010480,000000000000157,000000000010323,000000000000000,000000000000000,000000000000000,000006
00,038959011,11102019,10102019,Movimentacao diaria - Cartoes de Debito,Redecard,WESTWING                  ,000469,DIARIO         ,V1.04 - 07/10 - EEVD
01,067603335,11102019,10102019,283234136,000002,000000000012280,000000000000184,000000000012096,D,341,000300,00000152352,1
05,067603335,283234136,10102019,000000000006290,000000000000094,000000000006196,589916******8424   ,V,000003676970,11102019,01,113812,CW196928,2 ,00000,000000000006290,000000000000000,1
05,067603335,283234136,10102019,000000000005990,000000000000090,000000000005900,589916******6672   ,V,000247315788,11102019,01,165503,CW196928,2 ,00000,000000000005990,000000000000000,1
01,067603335,11102019,10102019,283549647,000001,000000000004790,000000000000072,000000000004718,D,341,000300,00000152352,3
05,067603335,283549647,10102019,000000000004790,000000000000072,000000000004718,439267******3502   ,V,000004724258,11102019,01,144417,CW196928,2 ,00000,000000000004790,000000000000000,3
02,067603335,002,000003,000000000017070,000000000000256,000000000016814,000000000000000,000000000000000,000000000000000
03,038959011,002,000003,000000000017070,000000000000256,000000000016814,000000000000000,000000000000000,000000000000000
04,038959011,000002,000003,000000000017070,000000000000256,000000000016814,000000000000000,000000000000000,000000000000000,000009
00,038959011,12102019,11102019,Movimentacao diaria - Cartoes de Debito,Redecard,WESTWING                  ,000470,DIARIO         ,V1.04 - 07/10 - EEVD
01,067603335,14102019,11102019,284243870,000002,000000000042856,000000000000643,000000000042213,D,341,000300,00000152352,1
05,067603335,284243870,11102019,000000000012784,000000000000192,000000000012592,515590******7373   ,V,000006123014,14102019,01,181314,CW196928,2 ,00000,000000000012784,000000000000000,1
05,067603335,284243870,11102019,000000000030072,000000000000451,000000000029621,552693******5764   ,V,000248572892,14102019,01,121417,CW196928,2 ,00000,000000000030072,000000000000000,1
02,067603335,001,000002,000000000042856,000000000000643,000000000042213,000000000000000,000000000000000,000000000000000
03,038959011,001,000002,000000000042856,000000000000643,000000000042213,000000000000000,000000000000000,000000000000000
04,038959011,000001,000002,000000000042856,000000000000643,000000000042213,000000000000000,000000000000000,000000000000000,000007
00,038959011,13102019,12102019,Movimentacao diaria - Cartoes de Debito,Redecard,WESTWING                  ,000471,DIARIO         ,V1.04 - 07/10 - EEVD
04,038959011,000000,000000,000000000000000,000000000000000,000000000000000,000000000000000,000000000000000,000000000000000,000002
00,038959011,14102019,13102019,Movimentacao diaria - Cartoes de Debito,Redecard,WESTWING                  ,000472,DIARIO         ,V1.04 - 07/10 - EEVD
01,067603335,14102019,13102019,286122743,000002,000000000010001,000000000000150,000000000009851,D,341,000300,00000152352,1
05,067603335,286122743,13102019,000000000002990,000000000000045,000000000002945,603689*********7879,V,000003165374,14102019,01,122042,CW196928,2 ,00000,000000000002990,000000000000000,1
05,067603335,286122743,13102019,000000000007011,000000000000105,000000000006906,589916******8931   ,V,000003998184,14102019,01,160802,CW196928,2 ,00000,000000000007011,000000000000000,1
01,067603335,14102019,13102019,286295412,000002,000000000034440,000000000000516,000000000033924,D,341,000300,00000152352,3
05,067603335,286295412,13102019,000000000027960,000000000000419,000000000027541,476608******2204   ,V,000003692238,14102019,01,143103,CW196928,2 ,00000,000000000027960,000000000000000,3
05,067603335,286295412,13102019,000000000006480,000000000000097,000000000006383,483042******3103   ,V,000248123654,14102019,01,124502,CW196928,2 ,00000,000000000006480,000000000000000,3
02,067603335,002,000004,000000000044441,000000000000666,000000000043775,000000000000000,000000000000000,000000000000000
03,038959011,002,000004,000000000044441,000000000000666,000000000043775,000000000000000,000000000000000,000000000000000
04,038959011,000002,000004,000000000044441,000000000000666,000000000043775,000000000000000,000000000000000,000000000000000,000010
00,038959011,15102019,14102019,Movimentacao diaria - Cartoes de Debito,Redecard,WESTWING                  ,000473,DIARIO         ,V1.04 - 07/10 - EEVD
01,067603335,15102019,14102019,287214746,000001,000000000013302,000000000000200,000000000013102,D,341,000300,00000152352,1
05,067603335,287214746,14102019,000000000013302,000000000000200,000000000013102,589916******5559   ,V,000003896586,15102019,01,141753,CW196928,2 ,00000,000000000013302,000000000000000,1
01,067603335,15102019,14102019,287763469,000001,000000000007290,000000000000178,000000000007112,D,341,000300,00000152352,E
05,067603335,287763469,14102019,000000000007290,000000000000178,000000000007112,650492******1104   ,V,000247097510,15102019,01,180907,CW196928,2 ,00000,000000000007290,000000000000000,E
02,067603335,002,000002,000000000020592,000000000000378,000000000020214,000000000000000,000000000000000,000000000000000
03,038959011,002,000002,000000000020592,000000000000378,000000000020214,000000000000000,000000000000000,000000000000000
04,038959011,000002,000002,000000000020592,000000000000378,000000000020214,000000000000000,000000000000000,000000000000000,000008
00,038959011,16102019,15102019,Movimentacao diaria - Cartoes de Debito,Redecard,WESTWING                  ,000474,DIARIO         ,V1.04 - 07/10 - EEVD
04,038959011,000000,000000,000000000000000,000000000000000,000000000000000,000000000000000,000000000000000,000000000000000,000002
00,038959011,17102019,16102019,Movimentacao diaria - Cartoes de Debito,Redecard,WESTWING                  ,000475,DIARIO         ,V1.04 - 07/10 - EEVD
01,067603335,17102019,16102019,289225931,000001,000000000014490,000000000000217,000000000014273,D,341,000300,00000152352,1
05,067603335,289225931,16102019,000000000014490,000000000000217,000000000014273,552693******8769   ,V,000003433644,17102019,01,125004,CW196928,2 ,00000,000000000014490,000000000000000,1
01,067603335,17102019,16102019,289526357,000002,000000000007211,000000000000108,000000000007103,D,341,000300,00000152352,3
05,067603335,289526357,16102019,000000000003490,000000000000052,000000000003438,498406******8527   ,V,000003724792,17102019,01,134257,CW196928,2 ,00000,000000000003490,000000000000000,3
05,067603335,289526357,16102019,000000000003721,000000000000056,000000000003665,482481******7103   ,V,000004275274,17102019,01,154523,CW196928,2 ,00000,000000000003721,000000000000000,3
02,067603335,002,000003,000000000021701,000000000000325,000000000021376,000000000000000,000000000000000,000000000000000
03,038959011,002,000003,000000000021701,000000000000325,000000000021376,000000000000000,000000000000000,000000000000000
04,038959011,000002,000003,000000000021701,000000000000325,000000000021376,000000000000000,000000000000000,000000000000000,000009
00,038959011,18102019,17102019,Movimentacao diaria - Cartoes de Debito,Redecard,WESTWING                  ,000476,DIARIO         ,V1.04 - 07/10 - EEVD
01,067603335,18102019,17102019,290226935,000001,000000000007290,000000000000109,000000000007181,D,341,000300,00000152352,1
05,067603335,290226935,17102019,000000000007290,000000000000109,000000000007181,549167******0205   ,V,000004131074,18102019,01,144251,CW196928,2 ,00000,000000000007290,000000000000000,1
02,067603335,001,000001,000000000007290,000000000000109,000000000007181,000000000000000,000000000000000,000000000000000
03,038959011,001,000001,000000000007290,000000000000109,000000000007181,000000000000000,000000000000000,000000000000000
04,038959011,000001,000001,000000000007290,000000000000109,000000000007181,000000000000000,000000000000000,000000000000000,000006
00,038959011,19102019,18102019,Movimentacao diaria - Cartoes de Debito,Redecard,WESTWING                  ,000477,DIARIO         ,V1.04 - 07/10 - EEVD
01,067603335,21102019,18102019,291237015,000003,000000000030027,000000000000450,000000000029577,D,341,000300,00000152352,1
05,067603335,291237015,18102019,000000000004990,000000000000075,000000000004915,589916******6977   ,V,000002875638,21102019,01,103455,CW196928,2 ,00000,000000000004990,000000000000000,1
05,067603335,291237015,18102019,000000000010477,000000000000157,000000000010320,523284******4853   ,V,000004126664,21102019,01,142012,CW196928,2 ,00000,000000000010477,000000000000000,1
05,067603335,291237015,18102019,000000000014560,000000000000218,000000000014342,549167******9415   ,V,000248803170,21102019,01,115812,CW196928,2 ,00000,000000000014560,000000000000000,1
01,067603335,21102019,18102019,291560739,000001,000000000020790,000000000000312,000000000020478,D,341,000300,00000152352,3
05,067603335,291560739,18102019,000000000020790,000000000000312,000000000020478,498406******8948   ,V,000247237170,21102019,01,171411,CW196928,2 ,00000,000000000020790,000000000000000,3
02,067603335,002,000004,000000000050817,000000000000762,000000000050055,000000000000000,000000000000000,000000000000000
03,038959011,002,000004,000000000050817,000000000000762,000000000050055,000000000000000,000000000000000,000000000000000
04,038959011,000002,000004,000000000050817,000000000000762,000000000050055,000000000000000,000000000000000,000000000000000,000010
00,038959011,20102019,19102019,Movimentacao diaria - Cartoes de Debito,Redecard,WESTWING                  ,000478,DIARIO         ,V1.04 - 07/10 - EEVD
01,067603335,21102019,19102019,292227444,000002,000000000024960,000000000000375,000000000024585,D,341,000300,00000152352,1
05,067603335,292227444,19102019,000000000001990,000000000000030,000000000001960,589916******9012   ,V,000005205942,21102019,01,162428,CW196928,2 ,00000,000000000001990,000000000000000,1
05,067603335,292227444,19102019,000000000022970,000000000000345,000000000022625,589916******9243   ,V,000246523594,21102019,01,181731,CW196928,2 ,00000,000000000022970,000000000000000,1
01,067603335,21102019,19102019,292541600,000002,000000000053770,000000000000807,000000000052963,D,341,000300,00000152352,3
05,067603335,292541600,19102019,000000000013980,000000000000210,000000000013770,490172******4434   ,V,000247835890,21102019,01,134712,CW196928,2 ,00000,000000000013980,000000000000000,3
05,067603335,292541600,19102019,000000000039790,000000000000597,000000000039193,410390******9568   ,V,000247936258,21102019,01,132932,CW196928,2 ,00000,000000000039790,000000000000000,3
01,067603335,21102019,19102019,292836714,000001,000000000013980,000000000000341,000000000013639,D,341,000300,00000152352,E
05,067603335,292836714,19102019,000000000013980,000000000000341,000000000013639,650907******2847   ,V,000005903284,21102019,01,184459,CW196928,2 ,00000,000000000013980,000000000000000,E
02,067603335,003,000005,000000000092710,000000000001523,000000000091187,000000000000000,000000000000000,000000000000000
03,038959011,003,000005,000000000092710,000000000001523,000000000091187,000000000000000,000000000000000,000000000000000
04,038959011,000003,000005,000000000092710,000000000001523,000000000091187,000000000000000,000000000000000,000000000000000,000012
00,038959011,21102019,20102019,Movimentacao diaria - Cartoes de Debito,Redecard,WESTWING                  ,000479,DIARIO         ,V1.04 - 07/10 - EEVD
01,067603335,21102019,20102019,293121955,000002,000000000015480,000000000000232,000000000015248,D,341,000300,00000152352,1
05,067603335,293121955,20102019,000000000006490,000000000000097,000000000006393,589916******2228   ,V,000247956868,21102019,01,133632,CW196928,2 ,00000,000000000006490,000000000000000,1
05,067603335,293121955,20102019,000000000008990,000000000000135,000000000008855,589916******2726   ,V,000248467408,21102019,01,113231,CW196928,2 ,00000,000000000008990,000000000000000,1
01,067603335,21102019,20102019,293292493,000001,000000000010980,000000000000165,000000000010815,D,341,000300,00000152352,3
05,067603335,293292493,20102019,000000000010980,000000000000165,000000000010815,482481******8581   ,V,000248320920,21102019,01,120329,CW196928,2 ,00000,000000000010980,000000000000000,3
02,067603335,002,000003,000000000026460,000000000000397,000000000026063,000000000000000,000000000000000,000000000000000
03,038959011,002,000003,000000000026460,000000000000397,000000000026063,000000000000000,000000000000000,000000000000000
04,038959011,000002,000003,000000000026460,000000000000397,000000000026063,000000000000000,000000000000000,000000000000000,000009
00,038959011,22102019,21102019,Movimentacao diaria - Cartoes de Debito,Redecard,WESTWING                  ,000480,DIARIO         ,V1.04 - 07/10 - EEVD
01,067603335,22102019,21102019,294449955,000001,000000000102830,000000000001542,000000000101288,D,341,000300,00000152352,3
05,067603335,294449955,21102019,000000000102830,000000000001542,000000000101288,490172******4189   ,V,000004973656,22102019,01,184516,CW196928,2 ,00000,000000000102830,000000000000000,3
02,067603335,001,000001,000000000102830,000000000001542,000000000101288,000000000000000,000000000000000,000000000000000
03,038959011,001,000001,000000000102830,000000000001542,000000000101288,000000000000000,000000000000000,000000000000000
04,038959011,000001,000001,000000000102830,000000000001542,000000000101288,000000000000000,000000000000000,000000000000000,000006
00,038959011,23102019,22102019,Movimentacao diaria - Cartoes de Debito,Redecard,WESTWING                  ,000481,DIARIO         ,V1.04 - 07/10 - EEVD
01,067603335,23102019,22102019,295220358,000001,000000000122075,000000000001831,000000000120244,D,341,000300,00000152352,1
05,067603335,295220358,22102019,000000000122075,000000000001831,000000000120244,521424******0866   ,V,000003434446,23102019,01,115450,CW196928,2 ,00000,000000000122075,000000000000000,1
02,067603335,001,000001,000000000122075,000000000001831,000000000120244,000000000000000,000000000000000,000000000000000
03,038959011,001,000001,000000000122075,000000000001831,000000000120244,000000000000000,000000000000000,000000000000000
04,038959011,000001,000001,000000000122075,000000000001831,000000000120244,000000000000000,000000000000000,000000000000000,000006
00,038959011,24102019,23102019,Movimentacao diaria - Cartoes de Debito,Redecard,WESTWING                  ,000482,DIARIO         ,V1.04 - 07/10 - EEVD
01,067603335,24102019,23102019,296222106,000002,000000000027876,000000000000418,000000000027458,D,341,000300,00000152352,1
05,067603335,296222106,23102019,000000000007896,000000000000118,000000000007778,549167******8071   ,V,000003237820,24102019,01,121814,CW196928,2 ,00000,000000000007896,000000000000000,1
05,067603335,296222106,23102019,000000000019980,000000000000300,000000000019680,589916******7712   ,V,000003456176,24102019,01,125726,CW196928,2 ,00000,000000000019980,000000000000000,1
02,067603335,001,000002,000000000027876,000000000000418,000000000027458,000000000000000,000000000000000,000000000000000
03,038959011,001,000002,000000000027876,000000000000418,000000000027458,000000000000000,000000000000000,000000000000000
04,038959011,000001,000002,000000000027876,000000000000418,000000000027458,000000000000000,000000000000000,000000000000000,000007
00,038959011,25102019,24102019,Movimentacao diaria - Cartoes de Debito,Redecard,WESTWING                  ,000483,DIARIO         ,V1.04 - 07/10 - EEVD
01,067603335,25102019,24102019,297221850,000002,000000000043550,000000000000654,000000000042896,D,341,000300,00000152352,1
05,067603335,297221850,24102019,000000000013780,000000000000207,000000000013573,549167******8961   ,V,000004736008,25102019,01,173241,CW196928,2 ,00000,000000000013780,000000000000000,1
05,067603335,297221850,24102019,000000000029770,000000000000447,000000000029323,589916******3596   ,V,000247748904,25102019,01,163218,CW196928,2 ,00000,000000000029770,000000000000000,1
02,067603335,001,000002,000000000043550,000000000000654,000000000042896,000000000000000,000000000000000,000000000000000
03,038959011,001,000002,000000000043550,000000000000654,000000000042896,000000000000000,000000000000000,000000000000000
04,038959011,000001,000002,000000000043550,000000000000654,000000000042896,000000000000000,000000000000000,000000000000000,000007
00,038959011,26102019,25102019,Movimentacao diaria - Cartoes de Debito,Redecard,WESTWING                  ,000484,DIARIO         ,V1.04 - 07/10 - EEVD
01,067603335,28102019,25102019,298233184,000001,000000000003790,000000000000057,000000000003733,D,341,000300,00000152352,1
05,067603335,298233184,25102019,000000000003790,000000000000057,000000000003733,589916******9635   ,V,000248214276,28102019,01,135642,CW196928,2 ,00000,000000000003790,000000000000000,1
02,067603335,001,000001,000000000003790,000000000000057,000000000003733,000000000000000,000000000000000,000000000000000
03,038959011,001,000001,000000000003790,000000000000057,000000000003733,000000000000000,000000000000000,000000000000000
04,038959011,000001,000001,000000000003790,000000000000057,000000000003733,000000000000000,000000000000000,000000000000000,000006
00,038959011,27102019,26102019,Movimentacao diaria - Cartoes de Debito,Redecard,WESTWING                  ,000485,DIARIO         ,V1.04 - 07/10 - EEVD
01,067603335,28102019,26102019,299220867,000005,000000000054820,000000000000823,000000000053997,D,341,000300,00000152352,1
05,067603335,299220867,26102019,000000000018280,000000000000274,000000000018006,589916******2066   ,V,000003039558,28102019,01,104619,CW196928,2 ,00000,000000000018280,000000000000000,1
05,067603335,299220867,26102019,000000000010990,000000000000165,000000000010825,540105******0525   ,V,000003972384,28102019,01,130321,CW196928,2 ,00000,000000000010990,000000000000000,1
05,067603335,299220867,26102019,000000000011580,000000000000174,000000000011406,520132******3789   ,V,000004604464,28102019,01,145630,CW196928,2 ,00000,000000000011580,000000000000000,1
05,067603335,299220867,26102019,000000000011980,000000000000180,000000000011800,589916******7127   ,V,000004714102,28102019,01,151809,CW196928,2 ,00000,000000000011980,000000000000000,1
05,067603335,299220867,26102019,000000000001990,000000000000030,000000000001960,589916******7127   ,V,000247489698,28102019,01,152050,CW196928,2 ,00000,000000000001990,000000000000000,1
01,067603335,28102019,26102019,299527082,000005,000000000090482,000000000001356,000000000089126,D,341,000300,00000152352,3
05,067603335,299527082,26102019,000000000031490,000000000000472,000000000031018,498406******2668   ,V,000247301936,28102019,01,160220,CW196928,2 ,00000,000000000031490,000000000000000,3
05,067603335,299527082,26102019,000000000005490,000000000000082,000000000005408,466079******1730   ,V,000247385018,28102019,01,154405,CW196928,2 ,00000,000000000005490,000000000000000,3
05,067603335,299527082,26102019,000000000015280,000000000000229,000000000015051,490172******9882   ,V,000247981420,28102019,01,133930,CW196928,2 ,00000,000000000015280,000000000000000,3
05,067603335,299527082,26102019,000000000029990,000000000000450,000000000029540,483042******9103   ,V,000248775304,28102019,01,112803,CW196928,2 ,00000,000000000029990,000000000000000,3
05,067603335,299527082,26102019,000000000008232,000000000000123,000000000008109,483042******9103   ,V,000248743188,28102019,01,113323,CW196928,2 ,00000,000000000008232,000000000000000,3
01,067603335,28102019,26102019,299815123,000001,000000000015790,000000000000385,000000000015405,D,341,000300,00000152352,E
05,067603335,299815123,26102019,000000000015790,000000000000385,000000000015405,506776******8022   ,V,000002936210,28102019,01,102902,CW196928,2 ,00000,000000000015790,000000000000000,E
02,067603335,003,000011,000000000161092,000000000002564,000000000158528,000000000000000,000000000000000,000000000000000
03,038959011,003,000011,000000000161092,000000000002564,000000000158528,000000000000000,000000000000000,000000000000000
04,038959011,000003,000011,000000000161092,000000000002564,000000000158528,000000000000000,000000000000000,000000000000000,000018
00,038959011,28102019,27102019,Movimentacao diaria - Cartoes de Debito,Redecard,WESTWING                  ,000486,DIARIO         ,V1.04 - 07/10 - EEVD
01,067603335,28102019,27102019,300120138,000002,000000000014970,000000000000225,000000000014745,D,341,000300,00000152352,1
05,067603335,300120138,27102019,000000000007980,000000000000120,000000000007860,548573******6543   ,V,000003813038,28102019,01,151138,CW196928,2 ,00000,000000000007980,000000000000000,1
05,067603335,300120138,27102019,000000000006990,000000000000105,000000000006885,548573******6543   ,V,000248360798,28102019,01,152657,CW196928,2 ,00000,000000000006990,000000000000000,1
01,067603335,28102019,27102019,300289152,000003,000000000096012,000000000001440,000000000094572,D,341,000300,00000152352,3
05,067603335,300289152,27102019,000000000016070,000000000000241,000000000015829,498442******3870   ,V,000003080340,28102019,01,115144,CW196928,2 ,00000,000000000016070,000000000000000,3
05,067603335,300289152,27102019,000000000064942,000000000000974,000000000063968,483042******9105   ,V,000003987986,28102019,01,161421,CW196928,2 ,00000,000000000064942,000000000000000,3
05,067603335,300289152,27102019,000000000015000,000000000000225,000000000014775,410390******6761   ,V,000004063906,28102019,01,164227,CW196928,2 ,00000,000000000015000,000000000000000,3
02,067603335,002,000005,000000000110982,000000000001665,000000000109317,000000000000000,000000000000000,000000000000000
03,038959011,002,000005,000000000110982,000000000001665,000000000109317,000000000000000,000000000000000,000000000000000
04,038959011,000002,000005,000000000110982,000000000001665,000000000109317,000000000000000,000000000000000,000000000000000,000011
00,038959011,29102019,28102019,Movimentacao diaria - Cartoes de Debito,Redecard,WESTWING                  ,000487,DIARIO         ,V1.04 - 07/10 - EEVD
01,067603335,29102019,28102019,301208870,000003,000000000073920,000000000001109,000000000072811,D,341,000300,00000152352,1
05,067603335,301208870,28102019,000000000019570,000000000000294,000000000019276,546452******9252   ,V,000004546860,29102019,01,160245,CW196928,2 ,00000,000000000019570,000000000000000,1
05,067603335,301208870,28102019,000000000033960,000000000000509,000000000033451,549167******1855   ,V,000004639984,29102019,01,162319,CW196928,2 ,00000,000000000033960,000000000000000,1
05,067603335,301208870,28102019,000000000020390,000000000000306,000000000020084,521424******0866   ,V,000248031084,29102019,01,142757,CW196928,2 ,00000,000000000020390,000000000000000,1
02,067603335,001,000003,000000000073920,000000000001109,000000000072811,000000000000000,000000000000000,000000000000000
03,038959011,001,000003,000000000073920,000000000001109,000000000072811,000000000000000,000000000000000,000000000000000
04,038959011,000001,000003,000000000073920,000000000001109,000000000072811,000000000000000,000000000000000,000000000000000,000008
00,038959011,30102019,29102019,Movimentacao diaria - Cartoes de Debito,Redecard,WESTWING                  ,000488,DIARIO         ,V1.04 - 07/10 - EEVD
01,067603335,30102019,29102019,302214056,000002,000000000053750,000000000000806,000000000052944,D,341,000300,00000152352,1
05,067603335,302214056,29102019,000000000007290,000000000000109,000000000007181,514945******6891   ,V,000004391996,30102019,01,150948,CW196928,2 ,00000,000000000007290,000000000000000,1
05,067603335,302214056,29102019,000000000046460,000000000000697,000000000045763,589916******4915   ,V,000248732314,30102019,01,105659,CW196928,2 ,00000,000000000046460,000000000000000,1
01,067603335,30102019,29102019,302497883,000001,000000000017433,000000000000261,000000000017172,D,341,000300,00000152352,3
05,067603335,302497883,29102019,000000000017433,000000000000261,000000000017172,483042******2304   ,V,000004759532,30102019,01,163619,CW196928,2 ,00000,000000000017433,000000000000000,3
02,067603335,002,000003,000000000071183,000000000001067,000000000070116,000000000000000,000000000000000,000000000000000
03,038959011,002,000003,000000000071183,000000000001067,000000000070116,000000000000000,000000000000000,000000000000000
04,038959011,000002,000003,000000000071183,000000000001067,000000000070116,000000000000000,000000000000000,000000000000000,000009
00,038959011,31102019,30102019,Movimentacao diaria - Cartoes de Debito,Redecard,WESTWING                  ,000489,DIARIO         ,V1.04 - 07/10 - EEVD
01,067603335,31102019,30102019,303516921,000001,000000000008990,000000000000135,000000000008855,D,341,000300,00000152352,3
05,067603335,303516921,30102019,000000000008990,000000000000135,000000000008855,410715******6105   ,V,000005207664,31102019,01,184721,CW196928,2 ,00000,000000000008990,000000000000000,3
02,067603335,001,000001,000000000008990,000000000000135,000000000008855,000000000000000,000000000000000,000000000000000
03,038959011,001,000001,000000000008990,000000000000135,000000000008855,000000000000000,000000000000000,000000000000000
04,038959011,000001,000001,000000000008990,000000000000135,000000000008855,000000000000000,000000000000000,000000000000000,000006
